blue (1,5) (1,8)
blue (3,7) (3,10)
bob (1,5) (1,7)
bob (3,7) (3,9)
brown (3,7) (3,11)
dog (1,1) (1,3)
dog (6,4) (6,6)
dog (7,12) (7,14)
eve (4,5) (4,7)
eve (6,7) (6,9)
even (4,5) (4,8)
ext (6,7) (6,9)
god (1,3) (1,5)
god (4,4) (4,6)
god (7,10) (7,12)
hell (2,2) (2,5)
hello (2,2) (2,6)
her (2,8) (2,10)
here (2,8) (2,11)
join (6,11) (6,14)
lot (2,5) (2,7)
neo (1,9) (1,11)
neo (3,11) (3,13)
new (1,12) (1,14)
noon (1,9) (1,12)
noon (1,12) (1,15)
other (2,6) (2,10)
own (3,9) (3,11)
quick (3,6) (3,10)
rim (5,10) (5,12)
row (2,1) (2,3)
row (3,8) (3,10)
row (5,10) (5,12)
row (6,1) (6,3)
row (6,5) (6,7)
row (7,2) (7,4)
the (2,7) (2,9)
there (2,7) (2,11)
toll (2,7) (2,10)
tri (6,9) (6,11)
trim (6,9) (6,12)
word (4,1) (4,4)
word (5,12) (5,15)
word (7,4) (7,7)
zoo (5,3) (5,5)
